Before sorting, arr of numbers is
34.56 -0.11 9.70 5.55 3.14 3.33 1.00 -45.99 18.10 
Now performing selection sort:
-45.99 -0.11 9.70 5.55 3.14 3.33 1.00 34.56 18.10 
-45.99 -0.11 9.70 5.55 3.14 3.33 1.00 34.56 18.10 
-45.99 -0.11 1.00 5.55 3.14 3.33 9.70 34.56 18.10 
-45.99 -0.11 1.00 3.14 5.55 3.33 9.70 34.56 18.10 
-45.99 -0.11 1.00 3.14 3.33 5.55 9.70 34.56 18.10 
-45.99 -0.11 1.00 3.14 3.33 5.55 9.70 34.56 18.10 
-45.99 -0.11 1.00 3.14 3.33 5.55 9.70 34.56 18.10 
-45.99 -0.11 1.00 3.14 3.33 5.55 9.70 18.10 34.56 
